267 9690 103
3967 0
8501 54
4847 87
2788 125
6704 186
1702 278
8074 313
9934 319
3697 371
5767 430
767 444
2836 527
4017 580
7806 678
2030 721
9995 784
8443 806
8110 823
8786 852
3473 941
1048 971
9623 1026
6908 1029
2204 1048
6987 1058
6402 1139
9774 1144
6267 1215
3357 1290
129 1290
3313 1343
3729 1389
5535 1397
329 1438
3604 1465
8530 1540
2478 1573
425 1630
6455 1729
1564 1750
1278 1763
5740 1781
5669 1836
9031 1883
9059 1931
398 1942
3549 1990
9974 2032
6211 2032
1068 2109
8960 2186
6756 2212
3530 2218
2603 2301
6135 2350
8800 2446
7854 2496
3124 2590
1097 2657
9615 2702
7883 2732
9882 2768
51 2773
9048 2864
1470 2872
6217 2912
3863 2941
412 3008
3567 3103
8398 3151
6585 3199
3081 3295
7249 3332
1527 3423
3823 3512
1350 3561
4598 3605
5581 3701
7220 3737
6811 3788
6748 3839
3998 3850
7200 3942
210 3975
6587 4007
5706 4051
7372 4057
1980 4089
1188 4110
2261 4131
4369 4179
3016 4206
4149 4208
8769 4239
170 4281
2577 4288
2877 4359
8632 4447
7982 4464
489 4480
4391 4507
3899 4571
6836 4604
2609 4613
8381 4706
4650 4738
9461 4739
2487 4816
5546 4871
7723 4916
6530 5016
9268 5114
7955 5199
5453 5211
3857 5262
3412 5298
9355 5356
3388 5371
8398 5432
9188 5530
3589 5625
232 5671
6660 5671
6861 5730
3660 5813
4418 5888
2181 5952
9879 5954
5883 5968
9971 6053
5018 6083
9951 6112
8161 6152
3228 6236
1212 6286
1529 6357
6470 6380
2112 6390
8749 6489
2857 6571
5365 6632
4652 6664
1838 6691
7475 6712
8630 6788
3589 6870
9340 6880
240 6927
5633 7013
4853 7099
9344 7147
7101 7156
1751 7253
9963 7323
8397 7389
8283 7434
1855 7500
3948 7588
7658 7606
9071 7639
4384 7648
5503 7709
4464 7801
2468 7810
2941 7902
9010 7952
9214 7973
2081 8018
6406 8115
8616 8147
8121 8160
8759 8221
1783 8311
7199 8393
5450 8458
7952 8462
8661 8464
302 8490
1682 8506
5798 8511
9179 8578
1646 8662
9155 8676
3637 8710
1096 8783
7369 8846
1763 8868
7030 8899
5921 8936
3468 8992
8519 9009
2818 9027
5497 9042
6508 9119
5805 9133
6075 9175
5508 9249
3557 9348
6716 9421
2765 9447
1492 9539
2083 9559
2181 9648
645 9665
2356 9741
9895 9775
1667 9839
1303 9885
866 9979
3892 10052
7529 10053
6555 10140
6987 10214
2822 10294
9360 10310
418 10402
8463 10486
972 10528
9868 10538
4159 10595
8457 10656
5716 10756
6719 10812
8968 10884
1588 10916
2597 10928
2937 10960
3981 10978
2855 11040
1143 11092
1931 11097
8857 11176
4578 11211
268 11215
3905 11255
6140 11274
289 11339
883 11378
9005 11463
9699 11495
3257 11495
2361 11571
3423 11605
4946 11687
6015 11705
7180 11797
7921 11804
3697 11843
1095 11884
4182 11944
5731 11995
9790 12001
5451 12053
4004 12105
3962 12133
5007 12139
337 12184
708 12209
4798 12287
9307 12289
1125 12311
5180 12312
5689 12409
1342 12444
4622 12542
2944 12606
5927 12675
2317 12750
