-------i=1---

      0.00      0.00      0.00      0.00      0.00      0.00
      0.00      0.00      0.00      0.00      0.00      0.00
      0.00      0.00      0.21      0.00      0.00      0.00
      0.00      0.00      0.50      0.21      0.00      0.00
      0.00      0.00      1.00      0.50      0.21      0.00
      0.00      0.00      1.21      1.00      0.50      0.21
      0.00      0.00      1.21      1.21      1.00      0.50
      0.00      0.00      0.71      1.50      1.21      1.00
      0.00      0.00      0.00      2.00      1.50      1.21
      0.00      0.00      0.00      0.00      0.00      0.00
      0.00      0.00      0.21      0.00      0.00      0.00
      0.00      0.00      0.50      0.00      0.00      0.00
      0.00      0.00      1.00      0.00      0.00      0.00
      0.00      0.00      1.21      0.00      0.00      0.00
      0.00      0.00      1.21      0.00      0.00      0.00
      0.00      0.00      0.71      0.00      0.00      0.00

-------i=2---

      0.00      0.00      0.00      0.00      0.00      0.00
      0.00      0.00      0.00      0.00      0.00      0.00
      0.00      0.00      0.00      0.00      0.00      0.00
      0.00      0.00      0.21      0.00      0.00      0.00
      0.00      0.00      0.50      0.21      0.00      0.00
      0.00      0.00      1.00      0.50      0.21      0.00
      0.00      0.00      1.21      1.00      0.50      0.21
      0.00      0.00      1.21      1.21      1.00      0.50
      0.00      0.00      0.71      1.50      1.21      1.00
      0.00      0.00      0.00      2.00      1.50      1.21
      0.00      0.00      0.00      0.00      0.00      0.00
      0.00      0.00      0.21      0.00      0.00      0.00
      0.00      0.00      0.50      0.00      0.00      0.00
      0.00      0.00      1.00      0.00      0.00      0.00
      0.00      0.00      1.21      0.00      0.00      0.00
      0.00      0.00      1.21      0.00      0.00      0.00

-------i=3---

      0.00      0.00      0.00      0.00      0.00      0.00
      0.00      0.00      0.00      0.00      0.00      0.00
      0.00      0.00      0.00      0.00      0.00      0.00
      0.00      0.00      0.00      0.00      0.00      0.00
      0.00      0.00      0.21      0.00      0.00      0.00
      0.00      0.00      0.50      0.21      0.00      0.00
      0.00      0.00      1.00      0.50      0.21      0.00
      0.00      0.00      1.21      1.00      0.50      0.21
      0.00      0.00      1.21      1.21      1.00      0.50
      0.00      0.00      0.71      1.50      1.21      1.00
      0.00      0.00      0.00      2.00      1.50      1.21
      0.00      0.00      0.00      0.00      0.00      0.00
      0.00      0.00      0.21      0.00      0.00      0.00
      0.00      0.00      0.50      0.00      0.00      0.00
      0.00      0.00      1.00      0.00      0.00      0.00
      0.00      0.00      1.21      0.00      0.00      0.00

-------i=4---

      0.00      0.00      0.00      0.00      0.00      0.00
      0.00      0.00      0.00      0.00      0.00      0.00
      0.00      0.00      0.00      0.00      0.00      0.00
      0.00      0.00      0.00      0.00      0.00      0.00
      0.00      0.00      0.00      0.00      0.00      0.00
      0.00      0.00      0.21      0.00      0.00      0.00
      0.00      0.00      0.50      0.21      0.00      0.00
      0.00      0.00      1.00      0.50      0.21      0.00
      0.00      0.00      1.21      1.00      0.50      0.21
      0.00      0.00      1.21      1.21      1.00      0.50
      0.00      0.00      0.71      1.50      1.21      1.00
      0.00      0.00      0.00      2.00      1.50      1.21
      0.00      0.00      0.00      0.00      0.00      0.00
      0.00      0.00      0.21      0.00      0.00      0.00
      0.00      0.00      0.50      0.00      0.00      0.00
      0.00      0.00      1.00      0.00      0.00      0.00

-------i=5---

      0.00      0.00      0.00      0.00      0.00      0.00
      0.00      0.00      0.00      0.00      0.00      0.00
      0.00      0.00      0.00      0.00      0.00      0.00
      0.00      0.00      0.00      0.00      0.00      0.00
      0.00      0.00      0.00      0.00      0.00      0.00
      0.00      0.00      0.00      0.00      0.00      0.00
      0.00      0.00      0.21      0.00      0.00      0.00
      0.00      0.00      0.50      0.21      0.00      0.00
      0.00      0.00      1.00      0.50      0.21      0.00
      0.00      0.00      1.21      1.00      0.50      0.21
      0.00      0.00      1.21      1.21      1.00      0.50
      0.00      0.00      0.71      1.50      1.21      1.00
      0.00      0.00      0.00      2.00      1.50      1.21
      0.00      0.00      0.00      0.00      0.00      0.00
      0.00      0.00      0.21      0.00      0.00      0.00
      0.00      0.00      0.50      0.00      0.00      0.00

-------i=6---

      0.00      0.00      0.00      0.00      0.00      0.00
      0.00      0.00      0.00      0.00      0.00      0.00
      0.00      0.00      0.00      0.00      0.00      0.00
      0.00      0.00      0.00      0.00      0.00      0.00
      0.00      0.00      0.00      0.00      0.00      0.00
      0.00      0.00      0.00      0.00      0.00      0.00
      0.00      0.00      0.00      0.00      0.00      0.00
      0.00      0.00      0.21      0.00      0.00      0.00
      0.00      0.00      0.50      0.21      0.00      0.00
      0.00      0.00      1.00      0.50      0.21      0.00
      0.00      0.00      1.21      1.00      0.50      0.21
      0.00      0.00      1.21      1.21      1.00      0.50
      0.00      0.00      0.71      1.50      1.21      1.00
      0.00      0.00      0.00      2.00      1.50      1.21
      0.00      0.00      0.00      0.00      0.00      0.00
      0.00      0.00      0.21      0.00      0.00      0.00

-------i=7---

      0.00      0.00      0.00      0.00      0.00      0.00
      0.00      0.00      0.00      0.00      0.00      0.00
      0.00      0.00      0.00      0.00      0.00      0.00
      0.00      0.00      0.00      0.00      0.00      0.00
      0.00      0.00      0.00      0.00      0.00      0.00
      0.00      0.00      0.00      0.00      0.00      0.00
      0.00      0.00      0.00      0.00      0.00      0.00
      0.00      0.00      0.00      0.00      0.00      0.00
      0.00      0.00      0.21      0.00      0.00      0.00
      0.00      0.00      0.50      0.21      0.00      0.00
      0.00      0.00      1.00      0.50      0.21      0.00
      0.00      0.00      1.21      1.00      0.50      0.21
      0.00      0.00      1.21      1.21      1.00      0.50
      0.00      0.00      0.71      1.50      1.21      1.00
      0.00      0.00      0.00      2.00      1.50      1.21
      0.00      0.00      0.00      0.00      0.00      0.00

-------i=8---

      0.00      0.00      0.00      0.00      0.00      0.00
      0.00      0.00      0.00      0.00      0.00      0.00
      0.00      0.00      0.00      0.00      0.00      0.00
      0.00      0.00      0.00      0.00      0.00      0.00
      0.00      0.00      0.00      0.00      0.00      0.00
      0.00      0.00      0.00      0.00      0.00      0.00
      0.00      0.00      0.00      0.00      0.00      0.00
      0.00      0.00      0.00      0.00      0.00      0.00
      0.00      0.00      0.00      0.00      0.00      0.00
      0.00      0.00      0.21      0.00      0.00      0.00
      0.00      0.00      0.50      0.21      0.00      0.00
      0.00      0.00      1.00      0.50      0.21      0.00
      0.00      0.00      1.21      1.00      0.50      0.21
      0.00      0.00      1.21      1.21      1.00      0.50
      0.00      0.00      0.71      1.50      1.21      1.00
      0.00      0.00      0.00      2.00      1.50      1.21

-------i=9---

      0.00      0.00      0.00      0.00      0.00      0.00
      0.00      0.00      0.00      0.00      0.00      0.00
      0.00      0.00      0.00      0.00      0.00      0.00
      0.00      0.00      0.00      0.00      0.00      0.00
      0.00      0.00      0.00      0.00      0.00      0.00
      0.00      0.00      0.00      0.00      0.00      0.00
      0.00      0.00      0.00      0.00      0.00      0.00
      0.00      0.00      0.00      0.00      0.00      0.00
      0.00      0.00      0.00      0.00      0.00      0.00
      0.00      0.00      0.00      0.00      0.00      0.00
      0.00      0.00      0.21      0.00      0.00      0.00
      0.00      0.00      0.50      0.21      0.00      0.00
      0.00      0.00      1.00      0.50      0.21      0.00
      0.00      0.00      1.21      1.00      0.50      0.21
      0.00      0.00      1.21      1.21      1.00      0.50
      0.00      0.00      0.71      1.50      1.21      1.00

-------i=10---

      0.00      0.00      0.00      0.00      0.00      0.00
      0.00      0.00      0.00      0.00      0.00      0.00
      0.00      0.00      0.00      0.00      0.00      0.00
      0.00      0.00      0.00      0.00      0.00      0.00
      0.00      0.00      0.00      0.00      0.00      0.00
      0.00      0.00      0.00      0.00      0.00      0.00
      0.00      0.00      0.00      0.00      0.00      0.00
      0.00      0.00      0.00      0.00      0.00      0.00
      0.00      0.00      0.00      0.00      0.00      0.00
      0.00      0.00      0.00      0.00      0.00      0.00
      0.00      0.00      0.00      0.00      0.00      0.00
      0.00      0.00      0.21      0.00      0.00      0.00
      0.00      0.00      0.50      0.21      0.00      0.00
      0.00      0.00      1.00      0.50      0.21      0.00
      0.00      0.00      1.21      1.00      0.50      0.21
      0.00      0.00      1.21      1.21      1.00      0.50

-------i=11---

      0.00      0.00      0.00      0.00      0.00      0.00
      0.00      0.00      0.00      0.00      0.00      0.00
      0.00      0.00      0.00      0.00      0.00      0.00
      0.00      0.00      0.00      0.00      0.00      0.00
      0.00      0.00      0.00      0.00      0.00      0.00
      0.00      0.00      0.00      0.00      0.00      0.00
      0.00      0.00      0.00      0.00      0.00      0.00
      0.00      0.00      0.00      0.00      0.00      0.00
      0.00      0.00      0.00      0.00      0.00      0.00
      0.00      0.00      0.00      0.00      0.00      0.00
      0.00      0.00      0.00      0.00      0.00      0.00
      0.00      0.00      0.00      0.00      0.00      0.00
      0.00      0.00      0.21      0.00      0.00      0.00
      0.00      0.00      0.50      0.21      0.00      0.00
      0.00      0.00      1.00      0.50      0.21      0.00
      0.00      0.00      1.21      1.00      0.50      0.21

-------i=12---

      0.00      0.00      0.00      0.00      0.00      0.00
      0.00      0.00      0.00      0.00      0.00      0.00
      0.00      0.00      0.00      0.00      0.00      0.00
      0.00      0.00      0.00      0.00      0.00      0.00
      0.00      0.00      0.00      0.00      0.00      0.00
      0.00      0.00      0.00      0.00      0.00      0.00
      0.00      0.00      0.00      0.00      0.00      0.00
      0.00      0.00      0.00      0.00      0.00      0.00
      0.00      0.00      0.00      0.00      0.00      0.00
      0.00      0.00      0.00      0.00      0.00      0.00
      0.00      0.00      0.00      0.00      0.00      0.00
      0.00      0.00      0.00      0.00      0.00      0.00
      0.00      0.00      0.00      0.00      0.00      0.00
      0.00      0.00      0.21      0.00      0.00      0.00
      0.00      0.00      0.50      0.21      0.00      0.00
      0.00      0.00      1.00      0.50      0.21      0.00

-------i=13---

      0.00      0.00      0.00      0.00      0.00      0.00
      0.00      0.00      0.00      0.00      0.00      0.00
      0.00      0.00      0.00      0.00      0.00      0.00
      0.00      0.00      0.00      0.00      0.00      0.00
      0.00      0.00      0.00      0.00      0.00      0.00
      0.00      0.00      0.00      0.00      0.00      0.00
      0.00      0.00      0.00      0.00      0.00      0.00
      0.00      0.00      0.00      0.00      0.00      0.00
      0.00      0.00      0.00      0.00      0.00      0.00
      0.00      0.00      0.00      0.00      0.00      0.00
      0.00      0.00      0.00      0.00      0.00      0.00
      0.00      0.00      0.00      0.00      0.00      0.00
      0.00      0.00      0.00      0.00      0.00      0.00
      0.00      0.00      0.00      0.00      0.00      0.00
      0.00      0.00      0.21      0.00      0.00      0.00
      0.00      0.00      0.50      0.21      0.00      0.00

-------i=14---

      0.00      0.00      0.00      0.00      0.00      0.00
      0.00      0.00      0.00      0.00      0.00      0.00
      0.00      0.00      0.00      0.00      0.00      0.00
      0.00      0.00      0.00      0.00      0.00      0.00
      0.00      0.00      0.00      0.00      0.00      0.00
      0.00      0.00      0.00      0.00      0.00      0.00
      0.00      0.00      0.00      0.00      0.00      0.00
      0.00      0.00      0.00      0.00      0.00      0.00
      0.00      0.00      0.00      0.00      0.00      0.00
      0.00      0.00      0.00      0.00      0.00      0.00
      0.00      0.00      0.00      0.00      0.00      0.00
      0.00      0.00      0.00      0.00      0.00      0.00
      0.00      0.00      0.00      0.00      0.00      0.00
      0.00      0.00      0.00      0.00      0.00      0.00
      0.00      0.00      0.00      0.00      0.00      0.00
      0.00      0.00      0.21      0.00      0.00      0.00

-------i=15---

      0.00      0.00      0.00      0.00      0.00      0.00
      0.00      0.00      0.00      0.00      0.00      0.00
      0.00      0.00      0.00      0.00      0.00      0.00
      0.00      0.00      0.00      0.00      0.00      0.00
      0.00      0.00      0.00      0.00      0.00      0.00
      0.00      0.00      0.00      0.00      0.00      0.00
      0.00      0.00      0.00      0.00      0.00      0.00
      0.00      0.00      0.00      0.00      0.00      0.00
      0.00      0.00      0.00      0.00      0.00      0.00
      0.00      0.00      0.00      0.00      0.00      0.00
      0.00      0.00      0.00      0.00      0.00      0.00
      0.00      0.00      0.00      0.00      0.00      0.00
      0.00      0.00      0.00      0.00      0.00      0.00
      0.00      0.00      0.00      0.00      0.00      0.00
      0.00      0.00      0.00      0.00      0.00      0.00
      0.00      0.00      0.00      0.00      0.00      0.00

-------i=16---

      0.00      0.00      0.00      0.00      0.00      0.00
      0.00      0.00      0.00      0.00      0.00      0.00
      0.00      0.00      0.00      0.00      0.00      0.00
      0.00      0.00      0.00      0.00      0.00      0.00
      0.00      0.00      0.00      0.00      0.00      0.00
      0.00      0.00      0.00      0.00      0.00      0.00
      0.00      0.00      0.00      0.00      0.00      0.00
      0.00      0.00      0.00      0.00      0.00      0.00
      0.00      0.00      0.00      0.00      0.00      0.00
      0.00      0.00      0.00      0.00      0.00      0.00
      0.00      0.00      0.00      0.00      0.00      0.00
      0.00      0.00      0.00      0.00      0.00      0.00
      0.00      0.00      0.00      0.00      0.00      0.00
      0.00      0.00      0.00      0.00      0.00      0.00
      0.00      0.00      0.00      0.00      0.00      0.00
      0.00      0.00      0.00      0.00      0.00      0.00
2.000000